    -------<<  MADE IN LABORATORY EQUIPMENT CORPORATION  >>-------

                                                         Report,2018/11/16,08:33:48
MCA Data File,okumura_Cs.asc
Comment,
Date,2018/11/16,08:23:11
Live Time,300,Real Time,487,Preset time,300,Dead Time,0,(%),Mode,PHA
Spectrum Data,Start ch,0,End ch,4095
  chn  ,  data
   0,     300
   1,     487
   2,       0
   3,       0
   4,       0
   5,       0
   6,       0
   7,       0
   8,       0
   9,       0
  10,       0
  11,       0
  12,       0
  13,       0
  14,       0
  15,       0
  16,       0
  17,       0
  18,       0
  19,       0
  20,       0
  21,       0
  22,       0
  23,       0
  24,       0
  25,       0
  26,       0
  27,       0
  28,       0
  29,       0
  30,       0
  31,       0
  32,       0
  33,       0
  34,       0
  35,       0
  36,       0
  37,       0
  38,       0
  39,       0
  40,       0
  41,       0
  42,       0
  43,       0
  44,       0
  45,       0
  46,       0
  47,       0
  48,       1
  49,       0
  50,       0
  51,       1
  52,       0
  53,       1
  54,       0
  55,       0
  56,       1
  57,       2
  58,       0
  59,       1
  60,       0
  61,       0
  62,       0
  63,       1
  64,       2
  65,       5
  66,       3
  67,       2
  68,       2
  69,       4
  70,       2
  71,       7
  72,       5
  73,      12
  74,      33
  75,      71
  76,      95
  77,     189
  78,     369
  79,     736
  80,    1142
  81,    1385
  82,    1409
  83,    1436
  84,    1404
  85,    1349
  86,    1430
  87,    1361
  88,    1409
  89,    1361
  90,    1362
  91,    1400
  92,    1390
  93,    1303
  94,    1459
  95,    1395
  96,    1442
  97,    1452
  98,    1515
  99,    1478
 100,    1590
 101,    1420
 102,    1508
 103,    1460
 104,    1487
 105,    1519
 106,    1579
 107,    1594
 108,    1588
 109,    1564
 110,    1648
 111,    1647
 112,    1662
 113,    1652
 114,    1701
 115,    1657
 116,    1702
 117,    1722
 118,    1845
 119,    1839
 120,    1874
 121,    1861
 122,    1930
 123,    1971
 124,    2070
 125,    2022
 126,    2126
 127,    2385
 128,    2366
 129,    2569
 130,    2614
 131,    2885
 132,    2885
 133,    3062
 134,    3444
 135,    3621
 136,    3821
 137,    4165
 138,    4385
 139,    4805
 140,    5250
 141,    5513
 142,    5952
 143,    6504
 144,    6886
 145,    7422
 146,    7790
 147,    8299
 148,    8784
 149,    9249
 150,    9521
 151,    9893
 152,   10008
 153,   10469
 154,   10725
 155,   10699
 156,   10898
 157,   10763
 158,   10876
 159,   10774
 160,   10771
 161,   10491
 162,   10218
 163,    9983
 164,    9713
 165,    9253
 166,    8761
 167,    8607
 168,    8152
 169,    7667
 170,    7391
 171,    7055
 172,    6591
 173,    6175
 174,    5952
 175,    5646
 176,    5439
 177,    5222
 178,    4745
 179,    4653
 180,    4331
 181,    4219
 182,    3996
 183,    3714
 184,    3642
 185,    3412
 186,    3301
 187,    3102
 188,    3053
 189,    2951
 190,    2700
 191,    2707
 192,    2591
 193,    2562
 194,    2404
 195,    2274
 196,    2363
 197,    2153
 198,    2152
 199,    1980
 200,    1879
 201,    1987
 202,    1914
 203,    1857
 204,    1754
 205,    1772
 206,    1726
 207,    1703
 208,    1761
 209,    1678
 210,    1643
 211,    1725
 212,    1640
 213,    1605
 214,    1618
 215,    1652
 216,    1616
 217,    1720
 218,    1595
 219,    1523
 220,    1543
 221,    1602
 222,    1582
 223,    1515
 224,    1652
 225,    1579
 226,    1527
 227,    1533
 228,    1573
 229,    1516
 230,    1514
 231,    1544
 232,    1428
 233,    1510
 234,    1505
 235,    1525
 236,    1550
 237,    1510
 238,    1530
 239,    1572
 240,    1500
 241,    1537
 242,    1504
 243,    1520
 244,    1475
 245,    1517
 246,    1549
 247,    1494
 248,    1431
 249,    1525
 250,    1512
 251,    1447
 252,    1484
 253,    1473
 254,    1528
 255,    1483
 256,    1488
 257,    1541
 258,    1535
 259,    1463
 260,    1525
 261,    1541
 262,    1515
 263,    1610
 264,    1524
 265,    1516
 266,    1479
 267,    1583
 268,    1465
 269,    1549
 270,    1549
 271,    1579
 272,    1535
 273,    1490
 274,    1466
 275,    1469
 276,    1517
 277,    1441
 278,    1560
 279,    1506
 280,    1545
 281,    1504
 282,    1528
 283,    1558
 284,    1537
 285,    1549
 286,    1527
 287,    1552
 288,    1588
 289,    1620
 290,    1614
 291,    1565
 292,    1525
 293,    1579
 294,    1529
 295,    1612
 296,    1582
 297,    1585
 298,    1628
 299,    1756
 300,    1603
 301,    1698
 302,    1603
 303,    1689
 304,    1670
 305,    1715
 306,    1750
 307,    1689
 308,    1745
 309,    1746
 310,    1812
 311,    1779
 312,    1850
 313,    1940
 314,    1890
 315,    1932
 316,    1936
 317,    1895
 318,    1971
 319,    2049
 320,    2042
 321,    2192
 322,    2099
 323,    2195
 324,    2232
 325,    2350
 326,    2199
 327,    2345
 328,    2355
 329,    2373
 330,    2430
 331,    2450
 332,    2521
 333,    2502
 334,    2700
 335,    2695
 336,    2748
 337,    2721
 338,    2792
 339,    2823
 340,    2859
 341,    2856
 342,    2898
 343,    3016
 344,    2958
 345,    3030
 346,    3093
 347,    3068
 348,    3053
 349,    2990
 350,    3096
 351,    3047
 352,    3069
 353,    3091
 354,    3005
 355,    3036
 356,    3026
 357,    3036
 358,    3030
 359,    3064
 360,    2984
 361,    3000
 362,    2923
 363,    2944
 364,    2899
 365,    2699
 366,    2748
 367,    2723
 368,    2663
 369,    2713
 370,    2478
 371,    2641
 372,    2588
 373,    2557
 374,    2404
 375,    2431
 376,    2389
 377,    2358
 378,    2306
 379,    2326
 380,    2299
 381,    2384
 382,    2265
 383,    2133
 384,    2243
 385,    2236
 386,    2150
 387,    2107
 388,    2140
 389,    2069
 390,    2113
 391,    2010
 392,    2105
 393,    2111
 394,    2054
 395,    2069
 396,    2041
 397,    2016
 398,    2092
 399,    2018
 400,    2011
 401,    1959
 402,    2008
 403,    1967
 404,    1888
 405,    1911
 406,    1827
 407,    1861
 408,    1912
 409,    1810
 410,    1841
 411,    1817
 412,    1835
 413,    1740
 414,    1858
 415,    1787
 416,    1694
 417,    1697
 418,    1662
 419,    1663
 420,    1707
 421,    1581
 422,    1621
 423,    1695
 424,    1607
 425,    1579
 426,    1556
 427,    1624
 428,    1534
 429,    1499
 430,    1523
 431,    1535
 432,    1369
 433,    1471
 434,    1449
 435,    1462
 436,    1393
 437,    1443
 438,    1482
 439,    1373
 440,    1432
 441,    1388
 442,    1428
 443,    1431
 444,    1362
 445,    1398
 446,    1385
 447,    1359
 448,    1369
 449,    1401
 450,    1369
 451,    1374
 452,    1342
 453,    1351
 454,    1315
 455,    1301
 456,    1346
 457,    1368
 458,    1355
 459,    1352
 460,    1333
 461,    1360
 462,    1365
 463,    1349
 464,    1374
 465,    1354
 466,    1376
 467,    1338
 468,    1365
 469,    1339
 470,    1402
 471,    1284
 472,    1369
 473,    1341
 474,    1278
 475,    1314
 476,    1371
 477,    1359
 478,    1326
 479,    1348
 480,    1349
 481,    1332
 482,    1343
 483,    1297
 484,    1362
 485,    1387
 486,    1326
 487,    1310
 488,    1315
 489,    1389
 490,    1325
 491,    1348
 492,    1306
 493,    1296
 494,    1319
 495,    1424
 496,    1362
 497,    1381
 498,    1368
 499,    1340
 500,    1331
 501,    1330
 502,    1297
 503,    1346
 504,    1364
 505,    1359
 506,    1367
 507,    1272
 508,    1362
 509,    1456
 510,    1382
 511,    1333
 512,    1347
 513,    1342
 514,    1336
 515,    1354
 516,    1342
 517,    1343
 518,    1371
 519,    1362
 520,    1411
 521,    1342
 522,    1332
 523,    1352
 524,    1320
 525,    1431
 526,    1325
 527,    1380
 528,    1438
 529,    1306
 530,    1296
 531,    1410
 532,    1347
 533,    1421
 534,    1279
 535,    1324
 536,    1390
 537,    1369
 538,    1377
 539,    1351
 540,    1396
 541,    1318
 542,    1319
 543,    1390
 544,    1390
 545,    1364
 546,    1363
 547,    1444
 548,    1324
 549,    1449
 550,    1402
 551,    1321
 552,    1387
 553,    1420
 554,    1404
 555,    1327
 556,    1399
 557,    1453
 558,    1449
 559,    1321
 560,    1364
 561,    1343
 562,    1376
 563,    1432
 564,    1390
 565,    1455
 566,    1407
 567,    1422
 568,    1429
 569,    1393
 570,    1422
 571,    1443
 572,    1371
 573,    1399
 574,    1360
 575,    1356
 576,    1399
 577,    1421
 578,    1420
 579,    1434
 580,    1382
 581,    1380
 582,    1451
 583,    1386
 584,    1366
 585,    1449
 586,    1383
 587,    1388
 588,    1353
 589,    1363
 590,    1358
 591,    1340
 592,    1345
 593,    1422
 594,    1324
 595,    1451
 596,    1470
 597,    1398
 598,    1424
 599,    1361
 600,    1383
 601,    1411
 602,    1323
 603,    1373
 604,    1381
 605,    1399
 606,    1453
 607,    1424
 608,    1418
 609,    1382
 610,    1404
 611,    1353
 612,    1395
 613,    1396
 614,    1413
 615,    1399
 616,    1440
 617,    1369
 618,    1346
 619,    1394
 620,    1335
 621,    1435
 622,    1362
 623,    1347
 624,    1353
 625,    1369
 626,    1400
 627,    1384
 628,    1393
 629,    1344
 630,    1354
 631,    1403
 632,    1396
 633,    1325
 634,    1396
 635,    1430
 636,    1401
 637,    1425
 638,    1423
 639,    1443
 640,    1463
 641,    1361
 642,    1451
 643,    1425
 644,    1414
 645,    1368
 646,    1442
 647,    1373
 648,    1414
 649,    1395
 650,    1413
 651,    1440
 652,    1409
 653,    1453
 654,    1402
 655,    1350
 656,    1382
 657,    1463
 658,    1427
 659,    1487
 660,    1446
 661,    1477
 662,    1418
 663,    1372
 664,    1418
 665,    1322
 666,    1427
 667,    1429
 668,    1412
 669,    1458
 670,    1404
 671,    1481
 672,    1474
 673,    1372
 674,    1512
 675,    1358
 676,    1485
 677,    1424
 678,    1376
 679,    1450
 680,    1437
 681,    1409
 682,    1362
 683,    1410
 684,    1441
 685,    1461
 686,    1469
 687,    1411
 688,    1365
 689,    1374
 690,    1435
 691,    1427
 692,    1414
 693,    1351
 694,    1458
 695,    1487
 696,    1459
 697,    1402
 698,    1468
 699,    1437
 700,    1419
 701,    1429
 702,    1434
 703,    1459
 704,    1443
 705,    1452
 706,    1444
 707,    1385
 708,    1424
 709,    1487
 710,    1414
 711,    1398
 712,    1514
 713,    1476
 714,    1458
 715,    1493
 716,    1434
 717,    1441
 718,    1403
 719,    1449
 720,    1411
 721,    1376
 722,    1399
 723,    1448
 724,    1433
 725,    1398
 726,    1463
 727,    1491
 728,    1529
 729,    1515
 730,    1514
 731,    1498
 732,    1487
 733,    1498
 734,    1500
 735,    1549
 736,    1483
 737,    1478
 738,    1483
 739,    1430
 740,    1524
 741,    1427
 742,    1506
 743,    1542
 744,    1446
 745,    1556
 746,    1532
 747,    1503
 748,    1516
 749,    1525
 750,    1541
 751,    1574
 752,    1541
 753,    1519
 754,    1607
 755,    1580
 756,    1569
 757,    1564
 758,    1515
 759,    1627
 760,    1556
 761,    1565
 762,    1568
 763,    1612
 764,    1590
 765,    1560
 766,    1619
 767,    1691
 768,    1593
 769,    1610
 770,    1664
 771,    1652
 772,    1657
 773,    1662
 774,    1719
 775,    1717
 776,    1667
 777,    1725
 778,    1676
 779,    1721
 780,    1752
 781,    1804
 782,    1698
 783,    1773
 784,    1722
 785,    1742
 786,    1730
 787,    1777
 788,    1791
 789,    1838
 790,    1805
 791,    1778
 792,    1812
 793,    1713
 794,    1829
 795,    1843
 796,    1894
 797,    1899
 798,    1828
 799,    1859
 800,    1864
 801,    1931
 802,    1858
 803,    1940
 804,    1936
 805,    1977
 806,    1973
 807,    1972
 808,    1918
 809,    2007
 810,    1933
 811,    1990
 812,    1923
 813,    1951
 814,    1932
 815,    2062
 816,    1972
 817,    1966
 818,    2113
 819,    1977
 820,    1952
 821,    2009
 822,    1966
 823,    2031
 824,    2050
 825,    2110
 826,    1987
 827,    2081
 828,    2084
 829,    2094
 830,    2090
 831,    2048
 832,    2103
 833,    2079
 834,    2053
 835,    2050
 836,    2111
 837,    2144
 838,    2074
 839,    2058
 840,    2095
 841,    2107
 842,    2101
 843,    2057
 844,    2038
 845,    2072
 846,    2135
 847,    2147
 848,    2087
 849,    2175
 850,    2137
 851,    2161
 852,    2194
 853,    2039
 854,    2145
 855,    2172
 856,    2103
 857,    2105
 858,    2178
 859,    2101
 860,    2188
 861,    2275
 862,    2102
 863,    2151
 864,    2133
 865,    2206
 866,    2253
 867,    2188
 868,    2218
 869,    2182
 870,    2240
 871,    2126
 872,    2135
 873,    2277
 874,    2139
 875,    2184
 876,    2094
 877,    2122
 878,    2098
 879,    2095
 880,    2160
 881,    2175
 882,    2171
 883,    2209
 884,    2220
 885,    2111
 886,    2171
 887,    2078
 888,    2180
 889,    2113
 890,    2127
 891,    2288
 892,    2116
 893,    2113
 894,    2138
 895,    2160
 896,    2177
 897,    2098
 898,    2138
 899,    2191
 900,    2138
 901,    2219
 902,    2215
 903,    2183
 904,    2124
 905,    2102
 906,    2142
 907,    2046
 908,    2169
 909,    2122
 910,    2080
 911,    2122
 912,    2061
 913,    2104
 914,    2068
 915,    2128
 916,    2116
 917,    2111
 918,    2175
 919,    2064
 920,    2097
 921,    2060
 922,    2032
 923,    2098
 924,    2115
 925,    2056
 926,    2127
 927,    2057
 928,    2074
 929,    2003
 930,    2061
 931,    2068
 932,    2087
 933,    2027
 934,    2139
 935,    2105
 936,    2070
 937,    2133
 938,    2031
 939,    2093
 940,    2121
 941,    2035
 942,    2032
 943,    2063
 944,    2066
 945,    2025
 946,    2041
 947,    1905
 948,    1995
 949,    2109
 950,    2092
 951,    1971
 952,    2097
 953,    1965
 954,    1999
 955,    1994
 956,    1998
 957,    1969
 958,    2032
 959,    2023
 960,    2030
 961,    1995
 962,    2012
 963,    2035
 964,    1946
 965,    2052
 966,    2094
 967,    2031
 968,    1978
 969,    2009
 970,    1981
 971,    2006
 972,    1956
 973,    1986
 974,    2049
 975,    1960
 976,    1996
 977,    1936
 978,    1978
 979,    1960
 980,    2015
 981,    1914
 982,    1928
 983,    1936
 984,    2004
 985,    1828
 986,    1940
 987,    1934
 988,    1893
 989,    1938
 990,    1881
 991,    2017
 992,    1971
 993,    1913
 994,    1946
 995,    1897
 996,    1889
 997,    1888
 998,    1883
 999,    1935
1000,    1912
1001,    1890
1002,    1878
1003,    1894
1004,    1916
1005,    1956
1006,    1838
1007,    1907
1008,    1801
1009,    1935
1010,    1865
1011,    1859
1012,    1900
1013,    1823
1014,    1850
1015,    1860
1016,    1847
1017,    1873
1018,    1902
1019,    1821
1020,    1812
1021,    1879
1022,    1738
1023,    1896
1024,    1856
1025,    1808
1026,    1851
1027,    1819
1028,    1846
1029,    1830
1030,    1871
1031,    1809
1032,    1799
1033,    1862
1034,    1913
1035,    1809
1036,    1913
1037,    1782
1038,    1818
1039,    1736
1040,    1751
1041,    1833
1042,    1823
1043,    1889
1044,    1842
1045,    1823
1046,    1777
1047,    1763
1048,    1774
1049,    1671
1050,    1769
1051,    1764
1052,    1771
1053,    1759
1054,    1830
1055,    1775
1056,    1706
1057,    1743
1058,    1800
1059,    1808
1060,    1749
1061,    1743
1062,    1671
1063,    1706
1064,    1755
1065,    1791
1066,    1708
1067,    1789
1068,    1735
1069,    1658
1070,    1756
1071,    1729
1072,    1770
1073,    1808
1074,    1761
1075,    1736
1076,    1705
1077,    1676
1078,    1762
1079,    1749
1080,    1637
1081,    1709
1082,    1668
1083,    1732
1084,    1693
1085,    1710
1086,    1582
1087,    1658
1088,    1815
1089,    1706
1090,    1665
1091,    1653
1092,    1704
1093,    1648
1094,    1602
1095,    1680
1096,    1666
1097,    1674
1098,    1673
1099,    1639
1100,    1689
1101,    1704
1102,    1597
1103,    1753
1104,    1663
1105,    1693
1106,    1684
1107,    1683
1108,    1620
1109,    1631
1110,    1697
1111,    1667
1112,    1602
1113,    1628
1114,    1660
1115,    1570
1116,    1595
1117,    1653
1118,    1688
1119,    1643
1120,    1690
1121,    1671
1122,    1584
1123,    1602
1124,    1652
1125,    1643
1126,    1571
1127,    1601
1128,    1589
1129,    1569
1130,    1576
1131,    1625
1132,    1616
1133,    1598
1134,    1570
1135,    1663
1136,    1584
1137,    1617
1138,    1660
1139,    1627
1140,    1638
1141,    1508
1142,    1555
1143,    1531
1144,    1561
1145,    1497
1146,    1636
1147,    1601
1148,    1643
1149,    1599
1150,    1602
1151,    1576
1152,    1614
1153,    1605
1154,    1562
1155,    1554
1156,    1559
1157,    1547
1158,    1484
1159,    1527
1160,    1556
1161,    1488
1162,    1517
1163,    1507
1164,    1521
1165,    1612
1166,    1600
1167,    1525
1168,    1538
1169,    1584
1170,    1532
1171,    1537
1172,    1521
1173,    1494
1174,    1572
1175,    1519
1176,    1553
1177,    1556
1178,    1547
1179,    1560
1180,    1594
1181,    1529
1182,    1545
1183,    1593
1184,    1555
1185,    1454
1186,    1523
1187,    1479
1188,    1500
1189,    1536
1190,    1472
1191,    1481
1192,    1523
1193,    1541
1194,    1471
1195,    1451
1196,    1549
1197,    1514
1198,    1503
1199,    1476
1200,    1483
1201,    1566
1202,    1477
1203,    1529
1204,    1488
1205,    1443
1206,    1480
1207,    1456
1208,    1545
1209,    1444
1210,    1451
1211,    1475
1212,    1534
1213,    1460
1214,    1439
1215,    1429
1216,    1482
1217,    1424
1218,    1544
1219,    1432
1220,    1503
1221,    1543
1222,    1440
1223,    1523
1224,    1488
1225,    1467
1226,    1501
1227,    1480
1228,    1427
1229,    1505
1230,    1454
1231,    1477
1232,    1470
1233,    1371
1234,    1514
1235,    1425
1236,    1460
1237,    1398
1238,    1455
1239,    1502
1240,    1411
1241,    1457
1242,    1458
1243,    1445
1244,    1451
1245,    1496
1246,    1419
1247,    1427
1248,    1387
1249,    1410
1250,    1402
1251,    1425
1252,    1462
1253,    1343
1254,    1409
1255,    1471
1256,    1406
1257,    1440
1258,    1451
1259,    1412
1260,    1392
1261,    1366
1262,    1411
1263,    1423
1264,    1417
1265,    1344
1266,    1391
1267,    1383
1268,    1414
1269,    1376
1270,    1380
1271,    1447
1272,    1479
1273,    1407
1274,    1383
1275,    1455
1276,    1400
1277,    1376
1278,    1426
1279,    1369
1280,    1423
1281,    1426
1282,    1442
1283,    1434
1284,    1374
1285,    1428
1286,    1360
1287,    1416
1288,    1385
1289,    1412
1290,    1326
1291,    1333
1292,    1422
1293,    1371
1294,    1396
1295,    1399
1296,    1340
1297,    1378
1298,    1371
1299,    1395
1300,    1409
1301,    1355
1302,    1415
1303,    1378
1304,    1363
1305,    1442
1306,    1370
1307,    1372
1308,    1347
1309,    1371
1310,    1471
1311,    1373
1312,    1361
1313,    1404
1314,    1346
1315,    1373
1316,    1408
1317,    1441
1318,    1343
1319,    1319
1320,    1367
1321,    1371
1322,    1403
1323,    1391
1324,    1350
1325,    1328
1326,    1336
1327,    1366
1328,    1383
1329,    1312
1330,    1432
1331,    1469
1332,    1293
1333,    1372
1334,    1353
1335,    1407
1336,    1318
1337,    1381
1338,    1405
1339,    1315
1340,    1318
1341,    1301
1342,    1401
1343,    1383
1344,    1303
1345,    1403
1346,    1435
1347,    1301
1348,    1443
1349,    1299
1350,    1371
1351,    1319
1352,    1308
1353,    1256
1354,    1369
1355,    1393
1356,    1416
1357,    1330
1358,    1342
1359,    1266
1360,    1313
1361,    1332
1362,    1318
1363,    1316
1364,    1365
1365,    1301
1366,    1300
1367,    1358
1368,    1370
1369,    1375
1370,    1324
1371,    1366
1372,    1364
1373,    1259
1374,    1359
1375,    1330
1376,    1373
1377,    1359
1378,    1321
1379,    1353
1380,    1264
1381,    1320
1382,    1304
1383,    1315
1384,    1331
1385,    1363
1386,    1336
1387,    1307
1388,    1275
1389,    1321
1390,    1297
1391,    1353
1392,    1262
1393,    1307
1394,    1335
1395,    1334
1396,    1287
1397,    1269
1398,    1281
1399,    1290
1400,    1332
1401,    1277
1402,    1308
1403,    1357
1404,    1265
1405,    1332
1406,    1301
1407,    1253
1408,    1366
1409,    1399
1410,    1278
1411,    1313
1412,    1290
1413,    1331
1414,    1346
1415,    1322
1416,    1276
1417,    1266
1418,    1247
1419,    1291
1420,    1347
1421,    1252
1422,    1311
1423,    1236
1424,    1262
1425,    1303
1426,    1289
1427,    1323
1428,    1293
1429,    1306
1430,    1288
1431,    1334
1432,    1273
1433,    1294
1434,    1393
1435,    1371
1436,    1271
1437,    1272
1438,    1292
1439,    1305
1440,    1309
1441,    1242
1442,    1254
1443,    1326
1444,    1383
1445,    1270
1446,    1262
1447,    1243
1448,    1333
1449,    1288
1450,    1302
1451,    1334
1452,    1292
1453,    1242
1454,    1259
1455,    1228
1456,    1301
1457,    1249
1458,    1318
1459,    1262
1460,    1284
1461,    1213
1462,    1336
1463,    1261
1464,    1266
1465,    1241
1466,    1227
1467,    1306
1468,    1342
1469,    1360
1470,    1305
1471,    1283
1472,    1292
1473,    1290
1474,    1286
1475,    1243
1476,    1258
1477,    1295
1478,    1297
1479,    1318
1480,    1271
1481,    1340
1482,    1247
1483,    1281
1484,    1227
1485,    1258
1486,    1326
1487,    1285
1488,    1248
1489,    1215
1490,    1243
1491,    1272
1492,    1301
1493,    1243
1494,    1286
1495,    1292
1496,    1211
1497,    1263
1498,    1272
1499,    1253
1500,    1311
1501,    1293
1502,    1261
1503,    1294
1504,    1256
1505,    1278
1506,    1304
1507,    1279
1508,    1251
1509,    1218
1510,    1255
1511,    1370
1512,    1236
1513,    1277
1514,    1298
1515,    1305
1516,    1281
1517,    1187
1518,    1280
1519,    1249
1520,    1246
1521,    1304
1522,    1278
1523,    1227
1524,    1238
1525,    1256
1526,    1266
1527,    1247
1528,    1175
1529,    1221
1530,    1197
1531,    1242
1532,    1223
1533,    1245
1534,    1279
1535,    1252
1536,    1263
1537,    1276
1538,    1232
1539,    1283
1540,    1267
1541,    1213
1542,    1315
1543,    1190
1544,    1228
1545,    1234
1546,    1310
1547,    1236
1548,    1285
1549,    1280
1550,    1299
1551,    1254
1552,    1240
1553,    1269
1554,    1200
1555,    1214
1556,    1241
1557,    1189
1558,    1229
1559,    1207
1560,    1150
1561,    1225
1562,    1249
1563,    1265
1564,    1247
1565,    1242
1566,    1253
1567,    1251
1568,    1261
1569,    1260
1570,    1261
1571,    1217
1572,    1167
1573,    1301
1574,    1211
1575,    1236
1576,    1202
1577,    1247
1578,    1238
1579,    1241
1580,    1309
1581,    1190
1582,    1231
1583,    1259
1584,    1219
1585,    1205
1586,    1256
1587,    1212
1588,    1233
1589,    1254
1590,    1243
1591,    1169
1592,    1275
1593,    1234
1594,    1208
1595,    1266
1596,    1242
1597,    1294
1598,    1204
1599,    1245
1600,    1245
1601,    1236
1602,    1178
1603,    1248
1604,    1245
1605,    1295
1606,    1199
1607,    1195
1608,    1218
1609,    1201
1610,    1249
1611,    1246
1612,    1283
1613,    1250
1614,    1343
1615,    1316
1616,    1267
1617,    1207
1618,    1224
1619,    1239
1620,    1234
1621,    1224
1622,    1263
1623,    1231
1624,    1266
1625,    1270
1626,    1197
1627,    1254
1628,    1267
1629,    1293
1630,    1197
1631,    1225
1632,    1252
1633,    1277
1634,    1208
1635,    1251
1636,    1203
1637,    1194
1638,    1210
1639,    1218
1640,    1182
1641,    1257
1642,    1264
1643,    1287
1644,    1209
1645,    1203
1646,    1216
1647,    1281
1648,    1239
1649,    1269
1650,    1241
1651,    1325
1652,    1242
1653,    1313
1654,    1190
1655,    1234
1656,    1234
1657,    1225
1658,    1250
1659,    1221
1660,    1241
1661,    1208
1662,    1295
1663,    1253
1664,    1275
1665,    1241
1666,    1261
1667,    1233
1668,    1234
1669,    1183
1670,    1195
1671,    1368
1672,    1212
1673,    1212
1674,    1221
1675,    1289
1676,    1217
1677,    1220
1678,    1293
1679,    1292
1680,    1246
1681,    1241
1682,    1191
1683,    1266
1684,    1244
1685,    1172
1686,    1236
1687,    1306
1688,    1259
1689,    1252
1690,    1277
1691,    1221
1692,    1233
1693,    1193
1694,    1299
1695,    1247
1696,    1278
1697,    1218
1698,    1222
1699,    1232
1700,    1250
1701,    1296
1702,    1219
1703,    1228
1704,    1279
1705,    1262
1706,    1267
1707,    1204
1708,    1236
1709,    1212
1710,    1275
1711,    1279
1712,    1269
1713,    1211
1714,    1220
1715,    1242
1716,    1298
1717,    1229
1718,    1256
1719,    1246
1720,    1216
1721,    1282
1722,    1258
1723,    1204
1724,    1223
1725,    1196
1726,    1272
1727,    1254
1728,    1231
1729,    1233
1730,    1249
1731,    1267
1732,    1270
1733,    1243
1734,    1257
1735,    1245
1736,    1316
1737,    1282
1738,    1276
1739,    1218
1740,    1285
1741,    1241
1742,    1231
1743,    1287
1744,    1239
1745,    1214
1746,    1303
1747,    1246
1748,    1224
1749,    1262
1750,    1251
1751,    1265
1752,    1256
1753,    1241
1754,    1276
1755,    1287
1756,    1328
1757,    1246
1758,    1229
1759,    1203
1760,    1215
1761,    1222
1762,    1224
1763,    1251
1764,    1283
1765,    1263
1766,    1223
1767,    1274
1768,    1328
1769,    1259
1770,    1235
1771,    1263
1772,    1264
1773,    1255
1774,    1292
1775,    1260
1776,    1310
1777,    1311
1778,    1220
1779,    1284
1780,    1326
1781,    1243
1782,    1226
1783,    1259
1784,    1215
1785,    1189
1786,    1275
1787,    1181
1788,    1235
1789,    1257
1790,    1195
1791,    1225
1792,    1320
1793,    1246
1794,    1267
1795,    1249
1796,    1227
1797,    1306
1798,    1260
1799,    1249
1800,    1301
1801,    1219
1802,    1325
1803,    1276
1804,    1243
1805,    1255
1806,    1238
1807,    1257
1808,    1280
1809,    1288
1810,    1264
1811,    1264
1812,    1269
1813,    1239
1814,    1266
1815,    1209
1816,    1200
1817,    1273
1818,    1268
1819,    1246
1820,    1284
1821,    1221
1822,    1242
1823,    1301
1824,    1208
1825,    1260
1826,    1250
1827,    1229
1828,    1239
1829,    1193
1830,    1249
1831,    1277
1832,    1298
1833,    1213
1834,    1205
1835,    1248
1836,    1208
1837,    1228
1838,    1218
1839,    1306
1840,    1174
1841,    1249
1842,    1287
1843,    1207
1844,    1218
1845,    1190
1846,    1245
1847,    1208
1848,    1204
1849,    1154
1850,    1190
1851,    1255
1852,    1183
1853,    1160
1854,    1191
1855,    1168
1856,    1171
1857,    1126
1858,    1169
1859,    1141
1860,    1174
1861,    1084
1862,    1086
1863,    1161
1864,    1181
1865,    1191
1866,    1181
1867,    1116
1868,    1192
1869,    1113
1870,    1143
1871,    1119
1872,    1118
1873,    1079
1874,    1103
1875,    1058
1876,    1164
1877,    1081
1878,    1123
1879,    1136
1880,    1148
1881,    1016
1882,    1015
1883,    1034
1884,    1054
1885,    1041
1886,    1051
1887,    1037
1888,    1018
1889,    1017
1890,    1075
1891,    1039
1892,    1039
1893,    1044
1894,    1024
1895,    1024
1896,     990
1897,     998
1898,     960
1899,     958
1900,     984
1901,     943
1902,    1011
1903,    1025
1904,     941
1905,     965
1906,     961
1907,     927
1908,     967
1909,     940
1910,     918
1911,     957
1912,     982
1913,     906
1914,     966
1915,     925
1916,     954
1917,     860
1918,     910
1919,     892
1920,     936
1921,     893
1922,     849
1923,     889
1924,     873
1925,     837
1926,     867
1927,     849
1928,     846
1929,     894
1930,     825
1931,     802
1932,     785
1933,     831
1934,     834
1935,     831
1936,     860
1937,     770
1938,     803
1939,     755
1940,     803
1941,     752
1942,     801
1943,     761
1944,     739
1945,     766
1946,     785
1947,     795
1948,     716
1949,     720
1950,     749
1951,     732
1952,     733
1953,     696
1954,     698
1955,     744
1956,     763
1957,     710
1958,     708
1959,     691
1960,     691
1961,     712
1962,     660
1963,     706
1964,     639
1965,     659
1966,     680
1967,     669
1968,     646
1969,     650
1970,     645
1971,     610
1972,     663
1973,     669
1974,     615
1975,     618
1976,     636
1977,     634
1978,     579
1979,     596
1980,     588
1981,     612
1982,     559
1983,     563
1984,     582
1985,     588
1986,     563
1987,     522
1988,     563
1989,     564
1990,     569
1991,     617
1992,     605
1993,     564
1994,     545
1995,     533
1996,     591
1997,     533
1998,     568
1999,     599
2000,     511
2001,     547
2002,     549
2003,     553
2004,     525
2005,     544
2006,     513
2007,     533
2008,     526
2009,     491
2010,     528
2011,     526
2012,     502
2013,     478
2014,     517
2015,     498
2016,     488
2017,     470
2018,     472
2019,     471
2020,     493
2021,     516
2022,     491
2023,     503
2024,     479
2025,     458
2026,     463
2027,     503
2028,     491
2029,     448
2030,     425
2031,     466
2032,     470
2033,     465
2034,     425
2035,     443
2036,     465
2037,     412
2038,     440
2039,     410
2040,     448
2041,     441
2042,     410
2043,     447
2044,     436
2045,     425
2046,     447
2047,     448
2048,     431
2049,     411
2050,     414
2051,     424
2052,     406
2053,     399
2054,     436
2055,     390
2056,     378
2057,     387
2058,     436
2059,     396
2060,     421
2061,     391
2062,     383
2063,     417
2064,     404
2065,     364
2066,     382
2067,     390
2068,     361
2069,     404
2070,     404
2071,     353
2072,     385
2073,     377
2074,     353
2075,     339
2076,     384
2077,     372
2078,     379
2079,     346
2080,     357
2081,     377
2082,     365
2083,     342
2084,     332
2085,     381
2086,     357
2087,     353
2088,     357
2089,     344
2090,     340
2091,     346
2092,     345
2093,     328
2094,     353
2095,     374
2096,     378
2097,     372
2098,     375
2099,     359
2100,     321
2101,     359
2102,     340
2103,     332
2104,     350
2105,     331
2106,     380
2107,     353
2108,     347
2109,     333
2110,     333
2111,     351
2112,     356
2113,     322
2114,     319
2115,     303
2116,     323
2117,     317
2118,     321
2119,     329
2120,     327
2121,     313
2122,     307
2123,     313
2124,     312
2125,     343
2126,     332
2127,     372
2128,     322
2129,     321
2130,     345
2131,     280
2132,     289
2133,     286
2134,     292
2135,     324
2136,     314
2137,     265
2138,     339
2139,     295
2140,     296
2141,     287
2142,     296
2143,     306
2144,     298
2145,     330
2146,     299
2147,     303
2148,     313
2149,     313
2150,     283
2151,     303
2152,     317
2153,     287
2154,     290
2155,     273
2156,     293
2157,     288
2158,     303
2159,     272
2160,     283
2161,     303
2162,     288
2163,     289
2164,     296
2165,     287
2166,     315
2167,     285
2168,     271
2169,     290
2170,     311
2171,     257
2172,     303
2173,     292
2174,     277
2175,     259
2176,     257
2177,     265
2178,     286
2179,     264
2180,     264
2181,     244
2182,     280
2183,     269
2184,     263
2185,     278
2186,     247
2187,     282
2188,     279
2189,     252
2190,     240
2191,     254
2192,     259
2193,     270
2194,     257
2195,     254
2196,     271
2197,     235
2198,     251
2199,     250
2200,     263
2201,     233
2202,     273
2203,     279
2204,     240
2205,     289
2206,     252
2207,     239
2208,     269
2209,     256
2210,     221
2211,     243
2212,     256
2213,     257
2214,     298
2215,     246
2216,     292
2217,     273
2218,     270
2219,     252
2220,     230
2221,     232
2222,     239
2223,     249
2224,     264
2225,     243
2226,     259
2227,     212
2228,     249
2229,     226
2230,     232
2231,     243
2232,     250
2233,     250
2234,     242
2235,     237
2236,     260
2237,     236
2238,     243
2239,     224
2240,     226
2241,     244
2242,     222
2243,     251
2244,     230
2245,     219
2246,     248
2247,     210
2248,     237
2249,     231
2250,     242
2251,     209
2252,     216
2253,     222
2254,     230
2255,     194
2256,     236
2257,     232
2258,     239
2259,     218
2260,     210
2261,     208
2262,     205
2263,     257
2264,     222
2265,     221
2266,     191
2267,     226
2268,     214
2269,     199
2270,     227
2271,     232
2272,     225
2273,     232
2274,     192
2275,     203
2276,     224
2277,     188
2278,     202
2279,     217
2280,     214
2281,     201
2282,     214
2283,     194
2284,     205
2285,     230
2286,     218
2287,     206
2288,     209
2289,     221
2290,     224
2291,     216
2292,     223
2293,     198
2294,     221
2295,     179
2296,     199
2297,     196
2298,     235
2299,     192
2300,     220
2301,     218
2302,     194
2303,     205
2304,     215
2305,     196
2306,     171
2307,     211
2308,     212
2309,     220
2310,     199
2311,     211
2312,     214
2313,     209
2314,     199
2315,     230
2316,     208
2317,     207
2318,     236
2319,     206
2320,     209
2321,     219
2322,     187
2323,     211
2324,     218
2325,     193
2326,     233
2327,     212
2328,     196
2329,     208
2330,     234
2331,     196
2332,     189
2333,     202
2334,     208
2335,     200
2336,     214
2337,     193
2338,     228
2339,     196
2340,     199
2341,     170
2342,     191
2343,     178
2344,     200
2345,     205
2346,     186
2347,     203
2348,     209
2349,     216
2350,     207
2351,     197
2352,     189
2353,     195
2354,     195
2355,     185
2356,     209
2357,     195
2358,     220
2359,     180
2360,     196
2361,     197
2362,     188
2363,     230
2364,     222
2365,     208
2366,     205
2367,     202
2368,     193
2369,     217
2370,     218
2371,     202
2372,     222
2373,     178
2374,     194
2375,     235
2376,     209
2377,     210
2378,     207
2379,     198
2380,     215
2381,     180
2382,     202
2383,     192
2384,     189
2385,     213
2386,     217
2387,     220
2388,     200
2389,     201
2390,     207
2391,     234
2392,     202
2393,     230
2394,     185
2395,     208
2396,     241
2397,     223
2398,     182
2399,     229
2400,     194
2401,     206
2402,     212
2403,     201
2404,     217
2405,     241
2406,     222
2407,     188
2408,     221
2409,     191
2410,     223
2411,     236
2412,     208
2413,     219
2414,     230
2415,     247
2416,     209
2417,     194
2418,     228
2419,     191
2420,     221
2421,     246
2422,     226
2423,     248
2424,     187
2425,     210
2426,     226
2427,     221
2428,     223
2429,     231
2430,     207
2431,     253
2432,     249
2433,     263
2434,     209
2435,     221
2436,     245
2437,     247
2438,     232
2439,     225
2440,     244
2441,     254
2442,     289
2443,     249
2444,     255
2445,     234
2446,     264
2447,     258
2448,     238
2449,     286
2450,     283
2451,     253
2452,     294
2453,     305
2454,     276
2455,     276
2456,     282
2457,     288
2458,     267
2459,     305
2460,     300
2461,     300
2462,     264
2463,     295
2464,     321
2465,     281
2466,     301
2467,     338
2468,     346
2469,     324
2470,     308
2471,     339
2472,     322
2473,     320
2474,     376
2475,     385
2476,     354
2477,     376
2478,     360
2479,     397
2480,     404
2481,     370
2482,     395
2483,     414
2484,     425
2485,     439
2486,     430
2487,     407
2488,     428
2489,     452
2490,     472
2491,     426
2492,     458
2493,     454
2494,     490
2495,     424
2496,     560
2497,     507
2498,     513
2499,     490
2500,     553
2501,     517
2502,     556
2503,     606
2504,     537
2505,     563
2506,     588
2507,     587
2508,     566
2509,     639
2510,     624
2511,     624
2512,     648
2513,     674
2514,     682
2515,     699
2516,     702
2517,     697
2518,     751
2519,     768
2520,     743
2521,     792
2522,     823
2523,     827
2524,     794
2525,     871
2526,     883
2527,     868
2528,     877
2529,     913
2530,     941
2531,     869
2532,     931
2533,     980
2534,    1008
2535,     971
2536,     979
2537,    1028
2538,    1032
2539,    1115
2540,    1110
2541,    1115
2542,    1142
2543,    1168
2544,    1199
2545,    1234
2546,    1267
2547,    1262
2548,    1278
2549,    1375
2550,    1401
2551,    1393
2552,    1337
2553,    1346
2554,    1498
2555,    1446
2556,    1485
2557,    1486
2558,    1642
2559,    1581
2560,    1673
2561,    1656
2562,    1744
2563,    1711
2564,    1720
2565,    1650
2566,    1761
2567,    1847
2568,    1923
2569,    1848
2570,    1950
2571,    1951
2572,    2062
2573,    2031
2574,    2040
2575,    2091
2576,    2113
2577,    2207
2578,    2236
2579,    2326
2580,    2305
2581,    2225
2582,    2371
2583,    2439
2584,    2471
2585,    2525
2586,    2501
2587,    2579
2588,    2703
2589,    2648
2590,    2611
2591,    2678
2592,    2739
2593,    2783
2594,    2773
2595,    2777
2596,    2943
2597,    3018
2598,    3027
2599,    2997
2600,    3202
2601,    3189
2602,    3133
2603,    3314
2604,    3333
2605,    3256
2606,    3345
2607,    3498
2608,    3535
2609,    3507
2610,    3607
2611,    3512
2612,    3774
2613,    3772
2614,    3826
2615,    3862
2616,    3951
2617,    3898
2618,    3966
2619,    4140
2620,    4032
2621,    3961
2622,    4126
2623,    4075
2624,    4193
2625,    4420
2626,    4421
2627,    4397
2628,    4534
2629,    4555
2630,    4502
2631,    4617
2632,    4571
2633,    4602
2634,    4666
2635,    4670
2636,    4863
2637,    4926
2638,    5060
2639,    5030
2640,    5047
2641,    5050
2642,    5159
2643,    5206
2644,    5218
2645,    5203
2646,    5452
2647,    5389
2648,    5475
2649,    5489
2650,    5465
2651,    5539
2652,    5709
2653,    5837
2654,    5666
2655,    5752
2656,    5804
2657,    5990
2658,    5969
2659,    6094
2660,    6015
2661,    6110
2662,    6069
2663,    6118
2664,    6159
2665,    6180
2666,    6308
2667,    6293
2668,    6388
2669,    6420
2670,    6585
2671,    6483
2672,    6489
2673,    6566
2674,    6596
2675,    6595
2676,    6584
2677,    6595
2678,    6759
2679,    6754
2680,    6845
2681,    6806
2682,    6741
2683,    6802
2684,    6744
2685,    6833
2686,    6953
2687,    6808
2688,    6859
2689,    7071
2690,    7028
2691,    7203
2692,    7085
2693,    7032
2694,    7245
2695,    7092
2696,    7212
2697,    7139
2698,    7246
2699,    7184
2700,    7288
2701,    7275
2702,    7265
2703,    7463
2704,    7146
2705,    7350
2706,    7269
2707,    7178
2708,    7164
2709,    7310
2710,    7199
2711,    7300
2712,    7308
2713,    7374
2714,    7331
2715,    7208
2716,    7483
2717,    7279
2718,    7379
2719,    7305
2720,    7201
2721,    7429
2722,    7341
2723,    7367
2724,    7284
2725,    7295
2726,    7395
2727,    7396
2728,    7135
2729,    7073
2730,    7183
2731,    7329
2732,    7285
2733,    7246
2734,    7131
2735,    7140
2736,    7189
2737,    7126
2738,    7176
2739,    7097
2740,    7041
2741,    6973
2742,    6830
2743,    6870
2744,    6729
2745,    6958
2746,    6880
2747,    6942
2748,    6792
2749,    6857
2750,    6745
2751,    6795
2752,    6651
2753,    6653
2754,    6526
2755,    6629
2756,    6472
2757,    6594
2758,    6559
2759,    6378
2760,    6241
2761,    6295
2762,    6384
2763,    6226
2764,    6111
2765,    6164
2766,    6024
2767,    5781
2768,    6127
2769,    6023
2770,    5887
2771,    5957
2772,    5857
2773,    5763
2774,    5796
2775,    5723
2776,    5707
2777,    5594
2778,    5611
2779,    5538
2780,    5543
2781,    5433
2782,    5453
2783,    5239
2784,    5295
2785,    5287
2786,    5111
2787,    5025
2788,    5020
2789,    5078
2790,    4980
2791,    4785
2792,    4948
2793,    4813
2794,    4725
2795,    4620
2796,    4644
2797,    4710
2798,    4504
2799,    4499
2800,    4396
2801,    4427
2802,    4407
2803,    4400
2804,    4286
2805,    4219
2806,    4254
2807,    4109
2808,    4116
2809,    3969
2810,    3910
2811,    3871
2812,    3779
2813,    3798
2814,    3795
2815,    3625
2816,    3633
2817,    3602
2818,    3549
2819,    3488
2820,    3320
2821,    3435
2822,    3325
2823,    3333
2824,    3223
2825,    3307
2826,    3192
2827,    3133
2828,    3070
2829,    3054
2830,    2989
2831,    2874
2832,    2831
2833,    2715
2834,    2813
2835,    2664
2836,    2776
2837,    2705
2838,    2569
2839,    2531
2840,    2507
2841,    2520
2842,    2449
2843,    2450
2844,    2440
2845,    2363
2846,    2382
2847,    2227
2848,    2198
2849,    2133
2850,    2074
2851,    2103
2852,    2012
2853,    1997
2854,    1928
2855,    1983
2856,    1874
2857,    1894
2858,    1953
2859,    1839
2860,    1806
2861,    1723
2862,    1777
2863,    1706
2864,    1674
2865,    1720
2866,    1639
2867,    1567
2868,    1611
2869,    1533
2870,    1473
2871,    1491
2872,    1424
2873,    1314
2874,    1384
2875,    1325
2876,    1321
2877,    1254
2878,    1338
2879,    1277
2880,    1219
2881,    1164
2882,    1123
2883,    1144
2884,    1065
2885,    1082
2886,    1072
2887,    1060
2888,    1070
2889,     988
2890,     953
2891,     969
2892,     962
2893,     993
2894,     931
2895,     894
2896,     803
2897,     765
2898,     834
2899,     788
2900,     808
2901,     824
2902,     756
2903,     742
2904,     695
2905,     731
2906,     646
2907,     654
2908,     658
2909,     635
2910,     641
2911,     587
2912,     626
2913,     618
2914,     591
2915,     551
2916,     543
2917,     528
2918,     514
2919,     495
2920,     540
2921,     500
2922,     464
2923,     470
2924,     473
2925,     423
2926,     439
2927,     435
2928,     389
2929,     418
2930,     391
2931,     396
2932,     353
2933,     343
2934,     364
2935,     363
2936,     372
2937,     338
2938,     345
2939,     345
2940,     310
2941,     334
2942,     281
2943,     277
2944,     280
2945,     253
2946,     297
2947,     311
2948,     258
2949,     250
2950,     230
2951,     239
2952,     228
2953,     241
2954,     245
2955,     200
2956,     236
2957,     235
2958,     217
2959,     200
2960,     220
2961,     183
2962,     198
2963,     206
2964,     187
2965,     160
2966,     189
2967,     157
2968,     171
2969,     152
2970,     149
2971,     173
2972,     137
2973,     158
2974,     146
2975,     142
2976,     141
2977,     150
2978,     126
2979,     129
2980,     122
2981,     132
2982,     126
2983,     124
2984,     115
2985,     138
2986,     112
2987,     107
2988,     111
2989,      98
2990,     108
2991,     106
2992,     104
2993,      89
2994,     104
2995,      97
2996,      91
2997,      84
2998,      91
2999,      95
3000,      86
3001,     103
3002,      72
3003,      85
3004,      96
3005,      91
3006,      91
3007,      78
3008,      70
3009,      73
3010,      73
3011,      72
3012,      58
3013,      60
3014,      61
3015,      68
3016,      76
3017,      78
3018,      60
3019,      60
3020,      62
3021,      59
3022,      52
3023,      79
3024,      61
3025,      46
3026,      47
3027,      47
3028,      56
3029,      50
3030,      53
3031,      48
3032,      49
3033,      43
3034,      70
3035,      58
3036,      51
3037,      35
3038,      45
3039,      51
3040,      39
3041,      46
3042,      43
3043,      63
3044,      39
3045,      41
3046,      38
3047,      43
3048,      45
3049,      43
3050,      35
3051,      48
3052,      42
3053,      35
3054,      51
3055,      45
3056,      34
3057,      44
3058,      43
3059,      32
3060,      41
3061,      34
3062,      46
3063,      33
3064,      34
3065,      34
3066,      27
3067,      34
3068,      36
3069,      38
3070,      42
3071,      30
3072,      38
3073,      39
3074,      38
3075,      39
3076,      40
3077,      24
3078,      30
3079,      38
3080,      23
3081,      23
3082,      26
3083,      32
3084,      24
3085,      26
3086,      26
3087,      35
3088,      30
3089,      31
3090,      28
3091,      20
3092,      24
3093,      28
3094,      37
3095,      25
3096,      27
3097,      28
3098,      19
3099,      25
3100,      32
3101,      24
3102,      30
3103,      23
3104,      21
3105,      22
3106,      30
3107,      17
3108,      27
3109,      23
3110,      22
3111,      24
3112,      18
3113,      21
3114,      23
3115,      25
3116,      28
3117,      20
3118,      13
3119,      25
3120,      20
3121,      29
3122,      22
3123,      31
3124,      25
3125,      21
3126,      22
3127,      23
3128,      22
3129,      20
3130,      12
3131,      28
3132,      23
3133,      22
3134,      18
3135,      17
3136,      20
3137,      25
3138,      24
3139,      16
3140,      18
3141,      22
3142,      31
3143,      14
3144,      18
3145,      19
3146,      25
3147,      26
3148,      26
3149,      19
3150,      23
3151,      26
3152,      23
3153,      24
3154,      24
3155,      24
3156,      17
3157,      31
3158,      18
3159,      25
3160,      20
3161,      29
3162,      19
3163,      24
3164,      19
3165,      20
3166,      25
3167,      16
3168,      24
3169,      22
3170,      18
3171,      23
3172,      20
3173,      19
3174,      29
3175,      29
3176,      17
3177,      21
3178,       9
3179,      21
3180,      21
3181,      21
3182,      17
3183,      14
3184,      15
3185,      18
3186,      24
3187,      23
3188,       9
3189,      25
3190,      20
3191,      22
3192,      23
3193,      21
3194,      20
3195,      17
3196,      14
3197,      19
3198,      25
3199,      25
3200,      18
3201,      20
3202,      24
3203,      21
3204,      18
3205,      15
3206,      20
3207,      26
3208,      15
3209,      21
3210,      18
3211,      13
3212,      20
3213,      28
3214,      19
3215,      16
3216,      20
3217,      15
3218,      19
3219,      15
3220,      29
3221,      21
3222,      16
3223,      23
3224,      24
3225,      16
3226,      15
3227,      21
3228,      20
3229,      18
3230,      23
3231,      19
3232,      18
3233,      24
3234,      19
3235,      27
3236,      23
3237,      24
3238,      22
3239,      15
3240,      13
3241,      18
3242,      18
3243,      20
3244,      16
3245,      14
3246,      22
3247,      32
3248,      17
3249,      20
3250,      16
3251,      23
3252,      27
3253,      17
3254,      28
3255,      15
3256,      22
3257,      19
3258,      21
3259,      19
3260,      15
3261,       9
3262,      23
3263,      16
3264,      24
3265,      12
3266,      12
3267,      17
3268,      25
3269,      27
3270,      16
3271,      29
3272,      18
3273,      24
3274,      15
3275,      16
3276,      20
3277,      15
3278,      24
3279,      22
3280,      15
3281,      19
3282,      16
3283,      14
3284,      13
3285,      18
3286,      22
3287,      23
3288,      18
3289,      19
3290,      22
3291,      21
3292,      24
3293,      17
3294,      20
3295,      15
3296,      14
3297,      24
3298,      19
3299,      26
3300,      19
3301,      22
3302,      22
3303,      15
3304,      15
3305,      15
3306,      25
3307,      21
3308,      20
3309,      23
3310,      16
3311,      22
3312,      14
3313,      17
3314,      16
3315,      21
3316,      15
3317,      18
3318,      20
3319,      19
3320,      15
3321,      14
3322,      21
3323,      19
3324,      27
3325,      19
3326,      18
3327,      17
3328,      22
3329,      18
3330,      20
3331,      25
3332,      12
3333,      16
3334,      24
3335,      17
3336,      18
3337,      16
3338,      14
3339,      15
3340,      17
3341,       9
3342,      24
3343,      16
3344,      19
3345,      18
3346,      10
3347,      21
3348,      35
3349,      16
3350,      25
3351,      18
3352,      15
3353,      14
3354,      17
3355,      27
3356,      18
3357,      12
3358,      21
3359,      13
3360,      17
3361,      15
3362,      19
3363,      14
3364,      14
3365,      25
3366,      17
3367,      19
3368,      19
3369,      22
3370,      23
3371,      18
3372,      24
3373,      12
3374,      20
3375,      17
3376,      20
3377,      21
3378,      17
3379,      18
3380,      17
3381,      12
3382,      19
3383,      23
3384,      14
3385,      18
3386,      16
3387,      15
3388,      16
3389,      17
3390,      16
3391,      12
3392,      18
3393,      15
3394,      23
3395,      16
3396,      14
3397,      13
3398,      18
3399,      20
3400,      12
3401,      26
3402,      17
3403,      22
3404,      25
3405,      15
3406,      15
3407,      18
3408,      20
3409,      11
3410,      21
3411,      27
3412,      17
3413,      18
3414,      32
3415,      20
3416,      21
3417,      19
3418,      21
3419,      21
3420,      15
3421,      17
3422,      23
3423,      22
3424,      16
3425,      15
3426,      14
3427,      19
3428,      19
3429,      20
3430,      13
3431,      12
3432,      15
3433,      15
3434,      22
3435,       9
3436,      14
3437,      23
3438,      18
3439,      19
3440,      16
3441,      16
3442,      14
3443,      16
3444,      14
3445,      19
3446,      17
3447,      22
3448,      15
3449,      19
3450,      19
3451,      14
3452,      15
3453,      15
3454,      20
3455,      14
3456,      18
3457,      22
3458,      15
3459,      16
3460,      17
3461,      18
3462,      15
3463,      10
3464,      10
3465,      17
3466,      15
3467,      18
3468,      14
3469,      16
3470,      27
3471,      16
3472,      10
3473,      17
3474,      12
3475,      27
3476,      11
3477,      18
3478,      19
3479,      15
3480,      15
3481,      21
3482,      23
3483,      19
3484,      16
3485,      16
3486,      25
3487,      11
3488,      13
3489,      22
3490,      15
3491,      16
3492,      18
3493,      18
3494,      24
3495,      12
3496,      14
3497,      18
3498,      21
3499,      25
3500,      13
3501,      16
3502,      17
3503,      18
3504,      18
3505,      15
3506,      17
3507,      19
3508,      16
3509,      10
3510,      13
3511,      16
3512,      18
3513,      15
3514,      22
3515,      16
3516,      18
3517,      14
3518,      15
3519,      21
3520,      13
3521,      15
3522,      19
3523,      12
3524,      13
3525,      25
3526,      19
3527,      15
3528,      22
3529,      22
3530,      12
3531,      14
3532,      22
3533,      14
3534,      16
3535,      10
3536,      20
3537,      20
3538,      16
3539,      12
3540,      16
3541,      18
3542,      16
3543,      18
3544,      17
3545,      15
3546,      21
3547,      20
3548,       9
3549,      16
3550,      13
3551,      12
3552,      18
3553,      15
3554,      21
3555,      16
3556,      15
3557,      18
3558,      18
3559,      11
3560,      17
3561,      13
3562,      12
3563,      15
3564,      12
3565,      15
3566,      12
3567,      19
3568,      17
3569,      10
3570,      14
3571,      17
3572,      12
3573,      10
3574,      20
3575,      21
3576,      11
3577,      10
3578,      10
3579,      21
3580,      14
3581,      17
3582,      23
3583,      10
3584,      18
3585,      28
3586,      11
3587,      19
3588,      19
3589,      15
3590,      12
3591,      10
3592,      14
3593,      15
3594,      16
3595,      22
3596,      25
3597,      17
3598,      16
3599,      16
3600,      15
3601,      21
3602,      16
3603,      13
3604,      13
3605,      18
3606,      23
3607,      21
3608,      14
3609,      13
3610,      20
3611,      21
3612,      21
3613,      17
3614,      17
3615,      11
3616,      18
3617,      20
3618,      13
3619,      19
3620,      25
3621,      14
3622,      14
3623,      12
3624,      12
3625,      19
3626,      13
3627,      19
3628,      22
3629,      15
3630,       9
3631,      25
3632,      19
3633,      18
3634,      23
3635,      23
3636,      22
3637,      11
3638,      10
3639,      13
3640,      15
3641,      14
3642,      21
3643,       9
3644,      14
3645,      22
3646,      21
3647,      11
3648,      13
3649,      10
3650,      21
3651,      21
3652,      11
3653,      16
3654,      14
3655,      21
3656,      14
3657,      19
3658,      15
3659,      16
3660,      14
3661,       9
3662,      20
3663,      10
3664,      12
3665,      10
3666,      11
3667,      11
3668,      18
3669,       9
3670,      19
3671,      20
3672,      19
3673,      10
3674,      11
3675,      11
3676,      17
3677,      15
3678,      10
3679,      12
3680,      29
3681,      17
3682,       7
3683,      14
3684,      17
3685,      10
3686,      14
3687,      15
3688,      22
3689,      20
3690,      15
3691,      17
3692,      16
3693,      12
3694,      12
3695,      14
3696,      17
3697,      15
3698,      24
3699,      14
3700,      15
3701,      14
3702,      18
3703,      13
3704,      17
3705,      17
3706,      13
3707,      16
3708,      17
3709,      16
3710,      24
3711,      14
3712,      19
3713,      19
3714,      16
3715,      17
3716,      19
3717,      15
3718,      11
3719,      10
3720,      20
3721,      14
3722,      11
3723,      16
3724,      25
3725,      19
3726,      13
3727,      15
3728,      17
3729,      13
3730,      19
3731,       8
3732,      12
3733,      16
3734,      12
3735,      12
3736,      18
3737,      16
3738,      15
3739,      11
3740,      23
3741,      14
3742,       8
3743,      15
3744,      12
3745,      16
3746,      10
3747,      19
3748,      14
3749,      15
3750,      16
3751,       7
3752,      15
3753,      12
3754,      12
3755,      12
3756,      21
3757,      13
3758,      12
3759,       9
3760,      18
3761,      14
3762,       9
3763,      16
3764,      12
3765,       8
3766,      12
3767,       6
3768,      22
3769,       8
3770,      11
3771,      15
3772,      12
3773,       9
3774,      18
3775,       9
3776,      17
3777,      16
3778,      22
3779,      10
3780,       7
3781,       7
3782,      14
3783,      13
3784,      12
3785,      14
3786,       9
3787,      14
3788,      14
3789,      19
3790,      10
3791,       9
3792,       9
3793,      14
3794,      15
3795,      12
3796,      12
3797,      10
3798,      10
3799,      12
3800,      13
3801,      17
3802,      17
3803,       8
3804,      11
3805,       9
3806,      14
3807,      13
3808,      11
3809,      19
3810,      12
3811,       8
3812,      19
3813,      16
3814,      16
3815,      19
3816,      15
3817,       9
3818,       8
3819,      11
3820,      10
3821,      17
3822,      16
3823,      10
3824,      22
3825,      14
3826,      18
3827,      15
3828,      17
3829,      12
3830,       9
3831,      12
3832,      15
3833,       9
3834,       8
3835,      16
3836,      14
3837,      10
3838,      12
3839,      14
3840,       7
3841,      16
3842,      15
3843,      12
3844,      11
3845,      12
3846,      14
3847,      11
3848,      15
3849,       4
3850,      13
3851,       8
3852,      17
3853,      12
3854,      14
3855,       4
3856,      15
3857,      16
3858,      13
3859,      11
3860,      16
3861,       8
3862,      10
3863,      15
3864,      13
3865,      10
3866,      14
3867,      21
3868,       9
3869,      15
3870,       4
3871,      12
3872,       8
3873,      11
3874,      13
3875,      16
3876,      15
3877,      24
3878,      14
3879,      13
3880,       9
3881,      19
3882,       5
3883,      10
3884,      14
3885,       8
3886,      12
3887,      15
3888,      16
3889,      17
3890,       7
3891,      14
3892,      15
3893,      15
3894,      17
3895,      16
3896,      10
3897,      23
3898,      11
3899,       7
3900,      14
3901,      15
3902,       7
3903,      13
3904,      14
3905,      11
3906,      11
3907,      10
3908,      12
3909,      11
3910,      10
3911,      19
3912,      14
3913,       5
3914,      12
3915,       6
3916,      11
3917,      15
3918,      11
3919,       9
3920,       7
3921,      10
3922,       7
3923,       8
3924,      11
3925,      12
3926,      10
3927,      12
3928,      10
3929,       8
3930,      13
3931,      11
3932,       8
3933,       7
3934,      15
3935,       6
3936,       7
3937,      12
3938,       7
3939,      10
3940,       9
3941,       5
3942,      14
3943,      15
3944,       4
3945,       9
3946,       8
3947,      15
3948,       5
3949,      13
3950,      12
3951,       8
3952,      13
3953,       7
3954,      11
3955,      11
3956,      13
3957,       9
3958,       8
3959,      11
3960,      15
3961,      13
3962,      10
3963,      16
3964,      10
3965,       8
3966,       8
3967,       8
3968,      14
3969,      10
3970,      12
3971,      10
3972,       7
3973,      15
3974,      10
3975,      11
3976,      10
3977,       9
3978,      12
3979,       9
3980,       5
3981,      12
3982,      11
3983,       8
3984,       9
3985,      16
3986,       9
3987,      14
3988,       6
3989,      13
3990,      11
3991,      13
3992,      11
3993,       9
3994,       9
3995,       7
3996,      14
3997,      13
3998,      13
3999,      14
4000,       9
4001,      13
4002,      15
4003,       8
4004,       9
4005,       7
4006,       8
4007,       9
4008,       8
4009,       7
4010,      13
4011,      12
4012,       6
4013,      10
4014,       8
4015,      11
4016,       7
4017,      10
4018,       8
4019,       4
4020,       4
4021,      17
4022,       9
4023,      12
4024,      14
4025,      11
4026,       8
4027,       9
4028,      10
4029,      12
4030,      14
4031,      13
4032,      13
4033,      16
4034,      11
4035,       7
4036,       7
4037,       7
4038,       9
4039,       7
4040,       5
4041,       8
4042,       8
4043,      13
4044,      11
4045,       6
4046,      13
4047,       7
4048,      11
4049,      11
4050,      14
4051,      14
4052,      15
4053,      12
4054,       9
4055,      13
4056,      10
4057,       9
4058,      10
4059,      15
4060,       8
4061,       5
4062,      17
4063,      13
4064,       8
4065,       7
4066,      13
4067,       8
4068,       9
4069,       6
4070,      11
4071,       6
4072,       7
4073,      12
4074,      11
4075,      10
4076,      13
4077,       8
4078,       8
4079,      10
4080,       9
4081,       9
4082,       8
4083,      14
4084,      14
4085,       3
4086,       6
4087,      13
4088,       7
4089,      10
4090,       7
4091,       7
4092,      11
4093,      10
4094,      16
4095,      12
